0
0
0
0
0
0
9
27
35
125
9
6197
25
11
269
6
36
1
0
0
0
0
0
0
0
0
0
100
10
0
216
280
6
0
0
9
0
0
0
5
100
5008
0
0
0
0
0
0
5853
0
0
0
0
10
2404
0
0
96
0
0
0
0
0
1000
0
0
0
216
0
0
1000
210
0
0
1000
8
0
0
0
0
0
149
146
24
0
12
0
0
0
0
0
4071
343
4
0
0
0
16
9
0
0
100
8
0
0
0
572
2000
1000
0
4040
1
0
0
0
0
0
0
0
0
126
0
0
0
3
2
8
3
72
21
10
6
192
686
0
64
9
0
64
64
4
8
8
0
0
0
196
2
8
512
0
0
0
0
1
1
0
900
100
0
3249
2058
441
0
22
49
0
7
41
2225
2306
0
9
0
0
0
0
0
0
0
0
0
0
0
8
0
0
0
0
0
0
9
0
147
0
196
117
216
0
0
0
0
18
343
4
0
0
343
241
0
0
9
64
3
0
10
8
81
0
125
25
100
245
8
7
0
4
0
0
64
400
4
216
62
0
0
0
5
0
0
2
40
0
64
18
0
144
16
49
162
27
0
216
27
4
16
0
0
0
0
19
0
0
0
0
0
0
0
0
0
0
0
0
7
0
132
38
18
0
36
8
38
343
0
10
1000
0
0
0
0
10
0
0
0
291
49
0
0
246
2744
0
0
0
0
292
0
7
35
338
0
0
0
0
34
0
0
0
16
64
0
0
237
125
0
27
0
1024
0
108
534
0
900
36
0
2
9
0
100
20
0
50
324
1000
0
0
0
0
3
1
216
0
16
9
0
4
16
0
0
0
81
12
8
1000
343
9609
148
5
50
50
81
56
0
18
0
0
0
0
81
63
64
32
32
0
0
100
0
0
0
27
5
7
9993
4
2
1
0
4
4
100
2000
2744
0
27
125
89
0
1
29
18
119
2
0
2
6
0
7
16
0
0
0
0
0
0
0
729
27
0
216
3
0
0
3744
0
0
21
0
4
0
0
0
10
0
2916
0
0
0
0
0
0
2000
27
0
0
0
27
27
0
125
50
9
81
0
0
0
0
152
125
79
29
21
64
0
4
9
0
0
0
0
550
2166
0
8
1024
64
16
36
0
0
0
0
6
12
0
5832
0
0
0
7886
0
0
7204
0
0
0
0
7926
28
4935
0
6
4632
0
297
300
30
0
0
7
0
0
1
0
0
0
0
0
0
0
0
11
552
18
0
0
0
9
3
4
8
14
27
0
25
0
0
0
0
8
19
0
16
1025
961
32
0
0
0
3
637
0
4
729
1000
133
0
0
0
0
0
0
100
100
0
10
100
81
0
0
0
0
21
49
2
0
9
8057
3264
0
0
0
0
0
162
729
0
0
0
1458
512
512
0
16
6586
0
0
1512
25
5
36
0
0
4
4393
0
0
326
5
0
0
17
1
128
0
2851
0
0
6628
242
25
9
0
1
0
8
0
64
512
73
0
0
0
0
225
0
0
0
0
64
0
0
0
100
149
1001
8
0
0
39
0
9
49
0
343
5
8
8
128
0
729
9
0
10
793
0
2240
8
4
0
11
42
49
0
79
392
2024
0
9
9
1458
0
63
2025
0
0
0
18
2
29
98
49
49
16
0
0
0
50
70
0
0
0
8
430
36
0
756
0
289
0
1944
648
8
72
10
0
2187
162
0
0
1
0
4
9
81
0
125
0
0
100
49
25
169
0
0
2
4
100
4
125
125
0
49
50
0
0
0
9
1216
0
4
8
9
27
7
0
6
66
0
0
0
0
0
225
0
0
0
0
0
0
0
128
0
121
0
36
0
2
1
0
512
0
0
351
1000
11
1
9
5000
0
0
1000
0
0
0
0
12
5
250
0
0
0
6
0
405
729
0
0
588
0
0
0
0
4
0
0
0
245
2
8
32
0
0
16
0
640
0
0
0
0
18
0
0
288
0
49
361
0
1
404
0
1586
0
343
0
0
0
0
0
0
0
8
606
0
49
1
1
1
100
49
343
512
512
0
0
0
0
10
3
9
3
4
0
7
1
1000
0
0
1024
0
0
0
8276
9341
0
4
0
98
56
0
6628
0
7
14
3087
54
9
0
0
5
0
0
0
0
0
8
4
1062
0
0
4
8
0
216
1
0
4
0
2
0
0
0
8
0
8
4
4
0
256
15
0
128
54
520
0
0
0
0
6986
2
1331
0
7
2744
16
16
64
1125
1125
150
8
4
16
4
64
81
36
216
3817
27
0
64
0
49
0
729
9
0
4900
432
0
25
0
0
0
1
6
0
0
80
0
0
0
0
521
53
0
40
512
12
1
9
2
100
72
100
0
6
0
6
0
0
144
0
81
36
29
0
22
54
0
2240
4
4185
0
0
64
343
27
252
0
0
108
0
0
729
4
8
1
49
25
125
0
6075
0
0
0
27
343
5
1000
2744
0
0
0
64
2925
4800
9759
0
0
0
0
32
40
98
0
64
0
0
0
686
8
25
7634
1
7634
0
0
49
729
81
0
0
1649
4301
40
0
0
0
4472
1651
125
0
0
0
0
0
0
0
343
9
0
88
1664
0
0
6
2
1
0
15
216
0
16
2
0
18
512
0
1
35
0
1458
13
0
0
1881
648
324
0
20
9
1000
7
0
0
0
0
162
15
164
0
0
0
0
0
36
64
7417
0
0
0
125
64
1938
162
162
0
0
243
81
1296
128
0
0
0
0
0
6986
900
0
8
2
0
1
63
0
0
0
0
0
1938
6
9
0
0
4900
0
25
0
54
0
0
100
8059
8159
0
0
9
0
0
52
0
0
0
81
36
0
7
10
16
0
0
3395
0
0
0
0
0
0
0
0
1000
8
8
32
32
0
0
49
0
0
16
5
250
5
300
9
81
6
5
64
0
0
5000
2
25
4096
0
0
0
0
0
100
1600
0
0
2261
2926
0
512
8
3345
8
0
0
0
0
8
4
1889
0
0
8033
0
8
0
0
0
0
0
9751
16
204
0
0
13
4
3969
3969
0
0
0
0
0
77
0
1
0
0
343
98
98
0
13
192
0
0
0
9
32
125
0
1000
481
0
9
1000
370
0
0
35
0
100
100
0
8
0
0
1
0
0
0
0
0
0
0
0
7209
0
0
0
0
0
0
2064
2000
0
3817
3817
217
0
432
72
0
6
0
0
0
49
0
0
0
0
0
648
100
5129
0
126
619
343
49
0
0
0
100
729
